1.639558813479082694e-02
-9.827347902182093087e-03
1.639558813478999774e-02
2.032676577225059691e-02
-1.520418449732979533e-03
2.032676577225082937e-02
1.639558813479056673e-02
-9.827347902181409606e-03
1.639558813479080265e-02
5.747022772416837157e-03
-2.402432949342275716e-03
5.747022772412349427e-03
-1.119469076024145852e-04
7.333607981387763389e-03
-1.119469075976217611e-04
5.747022772413319137e-03
-2.402432949344483152e-03
5.747022772408677017e-03
1.182680053360825713e-03
8.550681406945249280e-03
1.182680053358849213e-03
-1.112082256926515134e-03
1.672379721167949543e-02
-1.112082256927414805e-03
1.182680053357466421e-03
8.550681406944300386e-03
1.182680053357043582e-03
1.904315467844529611e-02
1.530891679952701805e-02
1.904315467844543489e-02
3.200020007250668763e-02
4.607745438222393686e-02
3.200020007251413307e-02
1.904315467843720883e-02
1.530891679953733792e-02
1.904315467844659715e-02
3.095810389660447193e-02
1.442646155462873163e-03
3.095810389659627709e-02
4.531228937872646551e-02
3.840710812866048735e-02
4.531228937872056745e-02
3.095810389661514742e-02
1.442646155462898316e-03
3.095810389659567341e-02
-7.131974255432099209e-03
-1.434837993334072900e-02
-7.131974255433010806e-03
-1.692629792715076228e-02
-2.378944853081121566e-02
-1.692629792714966247e-02
-7.131974255432646514e-03
-1.434837993333578157e-02
-7.131974255432955295e-03
-9.740081591454200979e-03
-4.740183760820359214e-03
-9.740081591455814272e-03
-1.144880978670498144e-02
-2.236068453829700986e-02
-1.144880978670405509e-02
-9.740081591465839239e-03
-4.740183760821302904e-03
-9.740081591467641617e-03
7.351408369326161915e-03
1.811027757740975991e-02
7.351408369344211713e-03
1.183653789972375497e-02
4.157524606136539513e-02
1.183653789971848141e-02
7.351408369332908255e-03
1.811027757740401103e-02
7.351408369329181201e-03
2.988095657809960656e-02
1.651687242525414975e-02
2.988095657809969677e-02
4.207519337667999654e-02
5.547979507541279942e-02
4.207519337667731119e-02
2.988095657810193109e-02
1.651687242525474997e-02
2.988095657809946779e-02
